solid OpenSCAD_Model
  facet normal -0.998569 0.0534864 0
    outer loop
      vertex 80.5016 52.2876 0
      vertex 80.4901 52.0729 2
      vertex 80.5016 52.2876 2
    endloop
  endfacet
  facet normal 0.998569 -0.0534864 0
    outer loop
      vertex 80.5016 52.2876 0
      vertex 80.5016 52.2876 2
      vertex 80.4901 52.0729 2
    endloop
  endfacet
  facet normal -0.986965 0.160928 0.00173765
    outer loop
      vertex 80.4901 52.0729 2
      vertex 80.4435 51.8087 0
      vertex 80.4555 51.8607 2
    endloop
  endfacet
  facet normal 0.986965 -0.160928 -0.00173765
    outer loop
      vertex 80.4901 52.0729 2
      vertex 80.4555 51.8607 2
      vertex 80.4435 51.8087 0
    endloop
  endfacet
  facet normal -0.964095 0.265556 -0.00111989
    outer loop
      vertex 80.4435 51.8087 0
      vertex 80.3984 51.6534 2
      vertex 80.4555 51.8607 2
    endloop
  endfacet
  facet normal 0.964095 -0.265556 0.00111989
    outer loop
      vertex 80.4435 51.8087 0
      vertex 80.4555 51.8607 2
      vertex 80.3984 51.6534 2
    endloop
  endfacet
  facet normal -0.992695 0.120433 0.00722054
    outer loop
      vertex 80.5016 52.2876 0
      vertex 80.4435 51.8087 0
      vertex 80.4901 52.0729 2
    endloop
  endfacet
  facet normal 0.992695 -0.120433 -0.00722054
    outer loop
      vertex 80.5016 52.2876 0
      vertex 80.4901 52.0729 2
      vertex 80.4435 51.8087 0
    endloop
  endfacet
  facet normal -0.850829 0.525417 -0.00517297
    outer loop
      vertex 80.2724 51.3576 0
      vertex 80.0609 51.0348 2
      vertex 80.3194 51.4534 2
    endloop
  endfacet
  facet normal 0.850829 -0.525417 0.00517297
    outer loop
      vertex 80.2724 51.3576 0
      vertex 80.3194 51.4534 2
      vertex 80.0609 51.0348 2
    endloop
  endfacet
  facet normal -0.930063 0.367375 0.00425922
    outer loop
      vertex 80.3984 51.6534 2
      vertex 80.2724 51.3576 0
      vertex 80.3194 51.4534 2
    endloop
  endfacet
  facet normal 0.930063 -0.367375 -0.00425922
    outer loop
      vertex 80.3984 51.6534 2
      vertex 80.3194 51.4534 2
      vertex 80.2724 51.3576 0
    endloop
  endfacet
  facet normal -0.934983 0.354634 0.0064535
    outer loop
      vertex 80.4435 51.8087 0
      vertex 80.2724 51.3576 0
      vertex 80.3984 51.6534 2
    endloop
  endfacet
  facet normal 0.934983 -0.354634 -0.0064535
    outer loop
      vertex 80.4435 51.8087 0
      vertex 80.3984 51.6534 2
      vertex 80.2724 51.3576 0
    endloop
  endfacet
  facet normal -0.696864 0.717187 -0.00483063
    outer loop
      vertex 79.9984 50.9606 0
      vertex 79.708 50.6919 2
      vertex 80.0609 51.0348 2
    endloop
  endfacet
  facet normal 0.696864 -0.717187 0.00483063
    outer loop
      vertex 79.9984 50.9606 0
      vertex 80.0609 51.0348 2
      vertex 79.708 50.6919 2
    endloop
  endfacet
  facet normal -0.823003 0.568017 0.00464541
    outer loop
      vertex 80.2724 51.3576 0
      vertex 79.9984 50.9606 0
      vertex 80.0609 51.0348 2
    endloop
  endfacet
  facet normal 0.823003 -0.568017 -0.00464541
    outer loop
      vertex 80.2724 51.3576 0
      vertex 80.0609 51.0348 2
      vertex 79.9984 50.9606 0
    endloop
  endfacet
  facet normal -0.500767 0.865571 -0.0044565
    outer loop
      vertex 79.6373 50.6407 0
      vertex 79.2821 50.4455 2
      vertex 79.708 50.6919 2
    endloop
  endfacet
  facet normal 0.500767 -0.865571 0.0044565
    outer loop
      vertex 79.6373 50.6407 0
      vertex 79.708 50.6919 2
      vertex 79.2821 50.4455 2
    endloop
  endfacet
  facet normal -0.663109 0.748511 0.00427902
    outer loop
      vertex 79.9984 50.9606 0
      vertex 79.6373 50.6407 0
      vertex 79.708 50.6919 2
    endloop
  endfacet
  facet normal 0.663109 -0.748511 -0.00427902
    outer loop
      vertex 79.9984 50.9606 0
      vertex 79.708 50.6919 2
      vertex 79.6373 50.6407 0
    endloop
  endfacet
  facet normal -0.274585 0.961555 -0.00400941
    outer loop
      vertex 79.2101 50.4166 0
      vertex 78.809 50.3104 2
      vertex 79.2821 50.4455 2
    endloop
  endfacet
  facet normal 0.274585 -0.961555 0.00400941
    outer loop
      vertex 79.2101 50.4166 0
      vertex 79.2821 50.4455 2
      vertex 78.809 50.3104 2
    endloop
  endfacet
  facet normal -0.464538 0.885545 0.00392724
    outer loop
      vertex 79.6373 50.6407 0
      vertex 79.2101 50.4166 0
      vertex 79.2821 50.4455 2
    endloop
  endfacet
  facet normal 0.464538 -0.885545 -0.00392724
    outer loop
      vertex 79.6373 50.6407 0
      vertex 79.2821 50.4455 2
      vertex 79.2101 50.4166 0
    endloop
  endfacet
  facet normal -0.031501 0.999497 -0.00358765
    outer loop
      vertex 78.7417 50.3011 0
      vertex 78.3172 50.2949 2
      vertex 78.809 50.3104 2
    endloop
  endfacet
  facet normal 0.031501 -0.999497 0.00358765
    outer loop
      vertex 78.7417 50.3011 0
      vertex 78.809 50.3104 2
      vertex 78.3172 50.2949 2
    endloop
  endfacet
  facet normal -0.239411 0.970912 0.00354145
    outer loop
      vertex 79.2101 50.4166 0
      vertex 78.7417 50.3011 0
      vertex 78.809 50.3104 2
    endloop
  endfacet
  facet normal 0.239411 -0.970912 -0.00354145
    outer loop
      vertex 79.2101 50.4166 0
      vertex 78.809 50.3104 2
      vertex 78.7417 50.3011 0
    endloop
  endfacet
  facet normal 0.213399 0.97696 -0.00313865
    outer loop
      vertex 78.2594 50.3011 0
      vertex 77.8365 50.3999 2
      vertex 78.3172 50.2949 2
    endloop
  endfacet
  facet normal -0.213399 -0.97696 0.00313865
    outer loop
      vertex 78.2594 50.3011 0
      vertex 78.3172 50.2949 2
      vertex 77.8365 50.3999 2
    endloop
  endfacet
  facet normal 0 0.999995 0.00309999
    outer loop
      vertex 78.7417 50.3011 0
      vertex 78.2594 50.3011 0
      vertex 78.3172 50.2949 2
    endloop
  endfacet
  facet normal -0 -0.999995 -0.00309999
    outer loop
      vertex 78.7417 50.3011 0
      vertex 78.3172 50.2949 2
      vertex 78.2594 50.3011 0
    endloop
  endfacet
  facet normal 0.445341 0.895357 -0.00265528
    outer loop
      vertex 77.791 50.4166 0
      vertex 77.396 50.619 2
      vertex 77.8365 50.3999 2
    endloop
  endfacet
  facet normal -0.445341 -0.895357 0.00265528
    outer loop
      vertex 77.791 50.4166 0
      vertex 77.8365 50.3999 2
      vertex 77.396 50.619 2
    endloop
  endfacet
  facet normal 0.239412 0.970914 0.00266051
    outer loop
      vertex 78.2594 50.3011 0
      vertex 77.791 50.4166 0
      vertex 77.8365 50.3999 2
    endloop
  endfacet
  facet normal -0.239412 -0.970914 -0.00266051
    outer loop
      vertex 78.2594 50.3011 0
      vertex 77.8365 50.3999 2
      vertex 77.791 50.4166 0
    endloop
  endfacet
  facet normal 0.650321 0.759656 -0.0022279
    outer loop
      vertex 77.3638 50.6407 0
      vertex 77.0222 50.939 2
      vertex 77.396 50.619 2
    endloop
  endfacet
  facet normal -0.650321 -0.759656 0.0022279
    outer loop
      vertex 77.3638 50.6407 0
      vertex 77.396 50.619 2
      vertex 77.0222 50.939 2
    endloop
  endfacet
  facet normal 0.46454 0.885549 0.00212911
    outer loop
      vertex 77.791 50.4166 0
      vertex 77.3638 50.6407 0
      vertex 77.396 50.619 2
    endloop
  endfacet
  facet normal -0.46454 -0.885549 -0.00212911
    outer loop
      vertex 77.791 50.4166 0
      vertex 77.396 50.619 2
      vertex 77.3638 50.6407 0
    endloop
  endfacet
  facet normal 0.816019 0.578022 -0.00171355
    outer loop
      vertex 77.0027 50.9606 0
      vertex 76.7378 51.3405 2
      vertex 77.0222 50.939 2
    endloop
  endfacet
  facet normal -0.816019 -0.578022 0.00171355
    outer loop
      vertex 77.0027 50.9606 0
      vertex 77.0222 50.939 2
      vertex 76.7378 51.3405 2
    endloop
  endfacet
  facet normal 0.663114 0.748517 0.00161862
    outer loop
      vertex 77.3638 50.6407 0
      vertex 77.0027 50.9606 0
      vertex 77.0222 50.939 2
    endloop
  endfacet
  facet normal -0.663114 -0.748517 -0.00161862
    outer loop
      vertex 77.3638 50.6407 0
      vertex 77.0222 50.939 2
      vertex 77.0027 50.9606 0
    endloop
  endfacet
  facet normal 0.932431 0.361347 -0.00115304
    outer loop
      vertex 76.7287 51.3576 0
      vertex 76.56 51.7993 2
      vertex 76.7378 51.3405 2
    endloop
  endfacet
  facet normal -0.932431 -0.361347 0.00115304
    outer loop
      vertex 76.7287 51.3576 0
      vertex 76.7378 51.3405 2
      vertex 76.56 51.7993 2
    endloop
  endfacet
  facet normal 0.823012 0.568023 0.0011119
    outer loop
      vertex 77.0027 50.9606 0
      vertex 76.7287 51.3576 0
      vertex 76.7378 51.3405 2
    endloop
  endfacet
  facet normal -0.823012 -0.568023 -0.0011119
    outer loop
      vertex 77.0027 50.9606 0
      vertex 76.7378 51.3405 2
      vertex 76.7287 51.3576 0
    endloop
  endfacet
  facet normal 0.992412 0.122959 -0.000612986
    outer loop
      vertex 76.5576 51.8087 0
      vertex 76.4995 52.2876 2
      vertex 76.56 51.7993 2
    endloop
  endfacet
  facet normal -0.992412 -0.122959 0.000612986
    outer loop
      vertex 76.5576 51.8087 0
      vertex 76.56 51.7993 2
      vertex 76.4995 52.2876 2
    endloop
  endfacet
  facet normal 0.935002 0.354642 0.000544813
    outer loop
      vertex 76.7287 51.3576 0
      vertex 76.5576 51.8087 0
      vertex 76.56 51.7993 2
    endloop
  endfacet
  facet normal -0.935002 -0.354642 -0.000544813
    outer loop
      vertex 76.7287 51.3576 0
      vertex 76.56 51.7993 2
      vertex 76.5576 51.8087 0
    endloop
  endfacet
  facet normal 0.992721 0.120437 0
    outer loop
      vertex 76.5576 51.8087 0
      vertex 76.4995 52.2876 0
      vertex 76.4995 52.2876 2
    endloop
  endfacet
  facet normal -0.992721 -0.120437 0
    outer loop
      vertex 76.5576 51.8087 0
      vertex 76.4995 52.2876 2
      vertex 76.4995 52.2876 0
    endloop
  endfacet
  facet normal 0.992707 0.12055 0
    outer loop
      vertex 35.75 30.1123 5.3
      vertex 35.7253 30.3157 2
      vertex 35.7253 30.3157 5.3
    endloop
  endfacet
  facet normal 0.992707 0.12055 0
    outer loop
      vertex 35.7253 30.3157 2
      vertex 35.75 30.1123 5.3
      vertex 35.75 30.1123 2
    endloop
  endfacet
  facet normal -0.992707 -0.12055 0
    outer loop
      vertex 35.75 30.1123 2
      vertex 35.7253 30.3157 5.3
      vertex 35.7253 30.3157 2
    endloop
  endfacet
  facet normal -0.992707 -0.12055 0
    outer loop
      vertex 35.7253 30.3157 5.3
      vertex 35.75 30.1123 2
      vertex 35.75 30.1123 5.3
    endloop
  endfacet
  facet normal 0.934958 0.354757 0
    outer loop
      vertex 35.7253 30.3157 5.3
      vertex 35.6526 30.5073 2
      vertex 35.6526 30.5073 5.3
    endloop
  endfacet
  facet normal 0.934958 0.354757 0
    outer loop
      vertex 35.6526 30.5073 2
      vertex 35.7253 30.3157 5.3
      vertex 35.7253 30.3157 2
    endloop
  endfacet
  facet normal -0.934958 -0.354757 0
    outer loop
      vertex 35.7253 30.3157 2
      vertex 35.6526 30.5073 5.3
      vertex 35.6526 30.5073 2
    endloop
  endfacet
  facet normal -0.934958 -0.354757 0
    outer loop
      vertex 35.6526 30.5073 5.3
      vertex 35.7253 30.3157 2
      vertex 35.7253 30.3157 5.3
    endloop
  endfacet
  facet normal 0.82293 0.568143 0
    outer loop
      vertex 35.6526 30.5073 5.3
      vertex 35.5362 30.6759 2
      vertex 35.5362 30.6759 5.3
    endloop
  endfacet
  facet normal 0.82293 0.568143 0
    outer loop
      vertex 35.5362 30.6759 2
      vertex 35.6526 30.5073 5.3
      vertex 35.6526 30.5073 2
    endloop
  endfacet
  facet normal -0.82293 -0.568143 0
    outer loop
      vertex 35.6526 30.5073 2
      vertex 35.5362 30.6759 5.3
      vertex 35.5362 30.6759 2
    endloop
  endfacet
  facet normal -0.82293 -0.568143 0
    outer loop
      vertex 35.5362 30.6759 5.3
      vertex 35.6526 30.5073 2
      vertex 35.6526 30.5073 5.3
    endloop
  endfacet
  facet normal 0.663363 0.748297 -0
    outer loop
      vertex 35.5362 30.6759 2
      vertex 35.3829 30.8118 5.3
      vertex 35.5362 30.6759 5.3
    endloop
  endfacet
  facet normal 0.663363 0.748297 0
    outer loop
      vertex 35.3829 30.8118 5.3
      vertex 35.5362 30.6759 2
      vertex 35.3829 30.8118 2
    endloop
  endfacet
  facet normal -0.663363 -0.748297 0
    outer loop
      vertex 35.3829 30.8118 2
      vertex 35.5362 30.6759 5.3
      vertex 35.3829 30.8118 5.3
    endloop
  endfacet
  facet normal -0.663363 -0.748297 -0
    outer loop
      vertex 35.5362 30.6759 5.3
      vertex 35.3829 30.8118 2
      vertex 35.5362 30.6759 2
    endloop
  endfacet
  facet normal 0.464499 0.885574 -0
    outer loop
      vertex 35.3829 30.8118 2
      vertex 35.2014 30.907 5.3
      vertex 35.3829 30.8118 5.3
    endloop
  endfacet
  facet normal 0.464499 0.885574 0
    outer loop
      vertex 35.2014 30.907 5.3
      vertex 35.3829 30.8118 2
      vertex 35.2014 30.907 2
    endloop
  endfacet
  facet normal -0.464499 -0.885574 0
    outer loop
      vertex 35.2014 30.907 2
      vertex 35.3829 30.8118 5.3
      vertex 35.2014 30.907 5.3
    endloop
  endfacet
  facet normal -0.464499 -0.885574 -0
    outer loop
      vertex 35.3829 30.8118 5.3
      vertex 35.2014 30.907 2
      vertex 35.3829 30.8118 2
    endloop
  endfacet
  facet normal 0.239663 0.970856 -0
    outer loop
      vertex 35.2014 30.907 2
      vertex 35.0025 30.9561 5.3
      vertex 35.2014 30.907 5.3
    endloop
  endfacet
  facet normal 0.239663 0.970856 0
    outer loop
      vertex 35.0025 30.9561 5.3
      vertex 35.2014 30.907 2
      vertex 35.0025 30.9561 2
    endloop
  endfacet
  facet normal -0.239663 -0.970856 0
    outer loop
      vertex 35.0025 30.9561 2
      vertex 35.2014 30.907 5.3
      vertex 35.0025 30.9561 5.3
    endloop
  endfacet
  facet normal -0.239663 -0.970856 -0
    outer loop
      vertex 35.2014 30.907 5.3
      vertex 35.0025 30.9561 2
      vertex 35.2014 30.907 2
    endloop
  endfacet
  facet normal 0 1 -0
    outer loop
      vertex 35.0025 30.9561 2
      vertex 34.7975 30.9561 5.3
      vertex 35.0025 30.9561 5.3
    endloop
  endfacet
  facet normal 0 1 0
    outer loop
      vertex 34.7975 30.9561 5.3
      vertex 35.0025 30.9561 2
      vertex 34.7975 30.9561 2
    endloop
  endfacet
  facet normal 0 -1 0
    outer loop
      vertex 34.7975 30.9561 2
      vertex 35.0025 30.9561 5.3
      vertex 34.7975 30.9561 5.3
    endloop
  endfacet
  facet normal 0 -1 -0
    outer loop
      vertex 35.0025 30.9561 5.3
      vertex 34.7975 30.9561 2
      vertex 35.0025 30.9561 2
    endloop
  endfacet
  facet normal -0.239663 0.970856 0
    outer loop
      vertex 34.7975 30.9561 2
      vertex 34.5986 30.907 5.3
      vertex 34.7975 30.9561 5.3
    endloop
  endfacet
  facet normal -0.239663 0.970856 0
    outer loop
      vertex 34.5986 30.907 5.3
      vertex 34.7975 30.9561 2
      vertex 34.5986 30.907 2
    endloop
  endfacet
  facet normal 0.239663 -0.970856 0
    outer loop
      vertex 34.5986 30.907 2
      vertex 34.7975 30.9561 5.3
      vertex 34.5986 30.907 5.3
    endloop
  endfacet
  facet normal 0.239663 -0.970856 0
    outer loop
      vertex 34.7975 30.9561 5.3
      vertex 34.5986 30.907 2
      vertex 34.7975 30.9561 2
    endloop
  endfacet
  facet normal -0.464499 0.885574 0
    outer loop
      vertex 34.5986 30.907 2
      vertex 34.4171 30.8118 5.3
      vertex 34.5986 30.907 5.3
    endloop
  endfacet
  facet normal -0.464499 0.885574 0
    outer loop
      vertex 34.4171 30.8118 5.3
      vertex 34.5986 30.907 2
      vertex 34.4171 30.8118 2
    endloop
  endfacet
  facet normal 0.464499 -0.885574 0
    outer loop
      vertex 34.4171 30.8118 2
      vertex 34.5986 30.907 5.3
      vertex 34.4171 30.8118 5.3
    endloop
  endfacet
  facet normal 0.464499 -0.885574 0
    outer loop
      vertex 34.5986 30.907 5.3
      vertex 34.4171 30.8118 2
      vertex 34.5986 30.907 2
    endloop
  endfacet
  facet normal -0.663363 0.748297 0
    outer loop
      vertex 34.4171 30.8118 2
      vertex 34.2638 30.6759 5.3
      vertex 34.4171 30.8118 5.3
    endloop
  endfacet
  facet normal -0.663363 0.748297 0
    outer loop
      vertex 34.2638 30.6759 5.3
      vertex 34.4171 30.8118 2
      vertex 34.2638 30.6759 2
    endloop
  endfacet
  facet normal 0.663363 -0.748297 0
    outer loop
      vertex 34.2638 30.6759 2
      vertex 34.4171 30.8118 5.3
      vertex 34.2638 30.6759 5.3
    endloop
  endfacet
  facet normal 0.663363 -0.748297 0
    outer loop
      vertex 34.4171 30.8118 5.3
      vertex 34.2638 30.6759 2
      vertex 34.4171 30.8118 2
    endloop
  endfacet
  facet normal -0.82293 0.568143 0
    outer loop
      vertex 34.1474 30.5073 2
      vertex 34.2638 30.6759 5.3
      vertex 34.2638 30.6759 2
    endloop
  endfacet
  facet normal -0.82293 0.568143 0
    outer loop
      vertex 34.2638 30.6759 5.3
      vertex 34.1474 30.5073 2
      vertex 34.1474 30.5073 5.3
    endloop
  endfacet
  facet normal 0.82293 -0.568143 0
    outer loop
      vertex 34.1474 30.5073 5.3
      vertex 34.2638 30.6759 2
      vertex 34.2638 30.6759 5.3
    endloop
  endfacet
  facet normal 0.82293 -0.568143 0
    outer loop
      vertex 34.2638 30.6759 2
      vertex 34.1474 30.5073 5.3
      vertex 34.1474 30.5073 2
    endloop
  endfacet
  facet normal -0.934958 0.354757 0
    outer loop
      vertex 34.0747 30.3157 2
      vertex 34.1474 30.5073 5.3
      vertex 34.1474 30.5073 2
    endloop
  endfacet
  facet normal -0.934958 0.354757 0
    outer loop
      vertex 34.1474 30.5073 5.3
      vertex 34.0747 30.3157 2
      vertex 34.0747 30.3157 5.3
    endloop
  endfacet
  facet normal 0.934958 -0.354757 0
    outer loop
      vertex 34.0747 30.3157 5.3
      vertex 34.1474 30.5073 2
      vertex 34.1474 30.5073 5.3
    endloop
  endfacet
  facet normal 0.934958 -0.354757 0
    outer loop
      vertex 34.1474 30.5073 2
      vertex 34.0747 30.3157 5.3
      vertex 34.0747 30.3157 2
    endloop
  endfacet
  facet normal -0.992707 0.12055 0
    outer loop
      vertex 34.05 30.1123 2
      vertex 34.0747 30.3157 5.3
      vertex 34.0747 30.3157 2
    endloop
  endfacet
  facet normal -0.992707 0.12055 0
    outer loop
      vertex 34.0747 30.3157 5.3
      vertex 34.05 30.1123 2
      vertex 34.05 30.1123 5.3
    endloop
  endfacet
  facet normal 0.992707 -0.12055 0
    outer loop
      vertex 34.05 30.1123 5.3
      vertex 34.0747 30.3157 2
      vertex 34.0747 30.3157 5.3
    endloop
  endfacet
  facet normal 0.992707 -0.12055 0
    outer loop
      vertex 34.0747 30.3157 2
      vertex 34.05 30.1123 5.3
      vertex 34.05 30.1123 2
    endloop
  endfacet
  facet normal 0.992707 0.12055 0
    outer loop
      vertex 7.95 30.1123 5.3
      vertex 7.9253 30.3157 2
      vertex 7.9253 30.3157 5.3
    endloop
  endfacet
  facet normal 0.992707 0.12055 0
    outer loop
      vertex 7.9253 30.3157 2
      vertex 7.95 30.1123 5.3
      vertex 7.95 30.1123 2
    endloop
  endfacet
  facet normal -0.992707 -0.12055 0
    outer loop
      vertex 7.95 30.1123 2
      vertex 7.9253 30.3157 5.3
      vertex 7.9253 30.3157 2
    endloop
  endfacet
  facet normal -0.992707 -0.12055 0
    outer loop
      vertex 7.9253 30.3157 5.3
      vertex 7.95 30.1123 2
      vertex 7.95 30.1123 5.3
    endloop
  endfacet
  facet normal 0.935023 0.354587 0
    outer loop
      vertex 7.9253 30.3157 5.3
      vertex 7.85264 30.5073 2
      vertex 7.85264 30.5073 5.3
    endloop
  endfacet
  facet normal 0.935023 0.354587 0
    outer loop
      vertex 7.85264 30.5073 2
      vertex 7.9253 30.3157 5.3
      vertex 7.9253 30.3157 2
    endloop
  endfacet
  facet normal -0.935023 -0.354587 0
    outer loop
      vertex 7.9253 30.3157 2
      vertex 7.85264 30.5073 5.3
      vertex 7.85264 30.5073 2
    endloop
  endfacet
  facet normal -0.935023 -0.354587 0
    outer loop
      vertex 7.85264 30.5073 5.3
      vertex 7.9253 30.3157 2
      vertex 7.9253 30.3157 5.3
    endloop
  endfacet
  facet normal 0.822907 0.568177 0
    outer loop
      vertex 7.85264 30.5073 5.3
      vertex 7.73623 30.6759 2
      vertex 7.73623 30.6759 5.3
    endloop
  endfacet
  facet normal 0.822907 0.568177 0
    outer loop
      vertex 7.73623 30.6759 2
      vertex 7.85264 30.5073 5.3
      vertex 7.85264 30.5073 2
    endloop
  endfacet
  facet normal -0.822907 -0.568177 0
    outer loop
      vertex 7.85264 30.5073 2
      vertex 7.73623 30.6759 5.3
      vertex 7.73623 30.6759 2
    endloop
  endfacet
  facet normal -0.822907 -0.568177 0
    outer loop
      vertex 7.73623 30.6759 5.3
      vertex 7.85264 30.5073 2
      vertex 7.85264 30.5073 5.3
    endloop
  endfacet
  facet normal 0.663194 0.748448 -0
    outer loop
      vertex 7.73623 30.6759 2
      vertex 7.58286 30.8118 5.3
      vertex 7.73623 30.6759 5.3
    endloop
  endfacet
  facet normal 0.663194 0.748448 0
    outer loop
      vertex 7.58286 30.8118 5.3
      vertex 7.73623 30.6759 2
      vertex 7.58286 30.8118 2
    endloop
  endfacet
  facet normal -0.663194 -0.748448 0
    outer loop
      vertex 7.58286 30.8118 2
      vertex 7.73623 30.6759 5.3
      vertex 7.58286 30.8118 5.3
    endloop
  endfacet
  facet normal -0.663194 -0.748448 -0
    outer loop
      vertex 7.73623 30.6759 5.3
      vertex 7.58286 30.8118 2
      vertex 7.73623 30.6759 2
    endloop
  endfacet
  facet normal 0.4646 0.885521 -0
    outer loop
      vertex 7.58286 30.8118 2
      vertex 7.40141 30.907 5.3
      vertex 7.58286 30.8118 5.3
    endloop
  endfacet
  facet normal 0.4646 0.885521 0
    outer loop
      vertex 7.40141 30.907 5.3
      vertex 7.58286 30.8118 2
      vertex 7.40141 30.907 2
    endloop
  endfacet
  facet normal -0.4646 -0.885521 0
    outer loop
      vertex 7.40141 30.907 2
      vertex 7.58286 30.8118 5.3
      vertex 7.40141 30.907 5.3
    endloop
  endfacet
  facet normal -0.4646 -0.885521 -0
    outer loop
      vertex 7.58286 30.8118 5.3
      vertex 7.40141 30.907 2
      vertex 7.58286 30.8118 2
    endloop
  endfacet
  facet normal 0.239607 0.97087 -0
    outer loop
      vertex 7.40141 30.907 2
      vertex 7.20246 30.9561 5.3
      vertex 7.40141 30.907 5.3
    endloop
  endfacet
  facet normal 0.239607 0.97087 0
    outer loop
      vertex 7.20246 30.9561 5.3
      vertex 7.40141 30.907 2
      vertex 7.20246 30.9561 2
    endloop
  endfacet
  facet normal -0.239607 -0.97087 0
    outer loop
      vertex 7.20246 30.9561 2
      vertex 7.40141 30.907 5.3
      vertex 7.20246 30.9561 5.3
    endloop
  endfacet
  facet normal -0.239607 -0.97087 -0
    outer loop
      vertex 7.40141 30.907 5.3
      vertex 7.20246 30.9561 2
      vertex 7.40141 30.907 2
    endloop
  endfacet
  facet normal 0 1 -0
    outer loop
      vertex 7.20246 30.9561 2
      vertex 6.99754 30.9561 5.3
      vertex 7.20246 30.9561 5.3
    endloop
  endfacet
  facet normal 0 1 0
    outer loop
      vertex 6.99754 30.9561 5.3
      vertex 7.20246 30.9561 2
      vertex 6.99754 30.9561 2
    endloop
  endfacet
  facet normal 0 -1 0
    outer loop
      vertex 6.99754 30.9561 2
      vertex 7.20246 30.9561 5.3
      vertex 6.99754 30.9561 5.3
    endloop
  endfacet
  facet normal 0 -1 -0
    outer loop
      vertex 7.20246 30.9561 5.3
      vertex 6.99754 30.9561 2
      vertex 7.20246 30.9561 2
    endloop
  endfacet
  facet normal -0.239595 0.970873 0
    outer loop
      vertex 6.99754 30.9561 2
      vertex 6.79858 30.907 5.3
      vertex 6.99754 30.9561 5.3
    endloop
  endfacet
  facet normal -0.239595 0.970873 0
    outer loop
      vertex 6.79858 30.907 5.3
      vertex 6.99754 30.9561 2
      vertex 6.79858 30.907 2
    endloop
  endfacet
  facet normal 0.239595 -0.970873 0
    outer loop
      vertex 6.79858 30.907 2
      vertex 6.99754 30.9561 5.3
      vertex 6.79858 30.907 5.3
    endloop
  endfacet
  facet normal 0.239595 -0.970873 0
    outer loop
      vertex 6.99754 30.9561 5.3
      vertex 6.79858 30.907 2
      vertex 6.99754 30.9561 2
    endloop
  endfacet
  facet normal -0.46464 0.8855 0
    outer loop
      vertex 6.79858 30.907 2
      vertex 6.61715 30.8118 5.3
      vertex 6.79858 30.907 5.3
    endloop
  endfacet
  facet normal -0.46464 0.8855 0
    outer loop
      vertex 6.61715 30.8118 5.3
      vertex 6.79858 30.907 2
      vertex 6.61715 30.8118 2
    endloop
  endfacet
  facet normal 0.46464 -0.8855 0
    outer loop
      vertex 6.61715 30.8118 2
      vertex 6.79858 30.907 5.3
      vertex 6.61715 30.8118 5.3
    endloop
  endfacet
  facet normal 0.46464 -0.8855 0
    outer loop
      vertex 6.79858 30.907 5.3
      vertex 6.61715 30.8118 2
      vertex 6.79858 30.907 2
    endloop
  endfacet
  facet normal -0.663145 0.748491 0
    outer loop
      vertex 6.61715 30.8118 2
      vertex 6.46376 30.6759 5.3
      vertex 6.61715 30.8118 5.3
    endloop
  endfacet
  facet normal -0.663145 0.748491 0
    outer loop
      vertex 6.46376 30.6759 5.3
      vertex 6.61715 30.8118 2
      vertex 6.46376 30.6759 2
    endloop
  endfacet
  facet normal 0.663145 -0.748491 0
    outer loop
      vertex 6.46376 30.6759 2
      vertex 6.61715 30.8118 5.3
      vertex 6.46376 30.6759 5.3
    endloop
  endfacet
  facet normal 0.663145 -0.748491 0
    outer loop
      vertex 6.61715 30.8118 5.3
      vertex 6.46376 30.6759 2
      vertex 6.61715 30.8118 2
    endloop
  endfacet
  facet normal -0.82293 0.568143 0
    outer loop
      vertex 6.34736 30.5073 2
      vertex 6.46376 30.6759 5.3
      vertex 6.46376 30.6759 2
    endloop
  endfacet
  facet normal -0.82293 0.568143 0
    outer loop
      vertex 6.46376 30.6759 5.3
      vertex 6.34736 30.5073 2
      vertex 6.34736 30.5073 5.3
    endloop
  endfacet
  facet normal 0.82293 -0.568143 0
    outer loop
      vertex 6.34736 30.5073 5.3
      vertex 6.46376 30.6759 2
      vertex 6.46376 30.6759 5.3
    endloop
  endfacet
  facet normal 0.82293 -0.568143 0
    outer loop
      vertex 6.46376 30.6759 2
      vertex 6.34736 30.5073 5.3
      vertex 6.34736 30.5073 2
    endloop
  endfacet
  facet normal -0.935023 0.354587 0
    outer loop
      vertex 6.2747 30.3157 2
      vertex 6.34736 30.5073 5.3
      vertex 6.34736 30.5073 2
    endloop
  endfacet
  facet normal -0.935023 0.354587 0
    outer loop
      vertex 6.34736 30.5073 5.3
      vertex 6.2747 30.3157 2
      vertex 6.2747 30.3157 5.3
    endloop
  endfacet
  facet normal 0.935023 -0.354587 0
    outer loop
      vertex 6.2747 30.3157 5.3
      vertex 6.34736 30.5073 2
      vertex 6.34736 30.5073 5.3
    endloop
  endfacet
  facet normal 0.935023 -0.354587 0
    outer loop
      vertex 6.34736 30.5073 2
      vertex 6.2747 30.3157 5.3
      vertex 6.2747 30.3157 2
    endloop
  endfacet
  facet normal -0.992707 0.12055 0
    outer loop
      vertex 6.25 30.1123 2
      vertex 6.2747 30.3157 5.3
      vertex 6.2747 30.3157 2
    endloop
  endfacet
  facet normal -0.992707 0.12055 0
    outer loop
      vertex 6.2747 30.3157 5.3
      vertex 6.25 30.1123 2
      vertex 6.25 30.1123 5.3
    endloop
  endfacet
  facet normal 0.992707 -0.12055 0
    outer loop
      vertex 6.25 30.1123 5.3
      vertex 6.2747 30.3157 2
      vertex 6.2747 30.3157 5.3
    endloop
  endfacet
  facet normal 0.992707 -0.12055 0
    outer loop
      vertex 6.2747 30.3157 2
      vertex 6.25 30.1123 5.3
      vertex 6.25 30.1123 2
    endloop
  endfacet
  facet normal -0.992707 0.120556 0
    outer loop
      vertex 75.3029 13.4794 1.5
      vertex 75.3494 13.8623 2
      vertex 75.3494 13.8623 1.5
    endloop
  endfacet
  facet normal -0.992707 0.120556 0
    outer loop
      vertex 75.3494 13.8623 2
      vertex 75.3029 13.4794 1.5
      vertex 75.3029 13.4794 2
    endloop
  endfacet
  facet normal 0.992707 -0.120556 0
    outer loop
      vertex 75.3029 13.4794 2
      vertex 75.3494 13.8623 1.5
      vertex 75.3494 13.8623 2
    endloop
  endfacet
  facet normal 0.992707 -0.120556 0
    outer loop
      vertex 75.3494 13.8623 1.5
      vertex 75.3029 13.4794 2
      vertex 75.3029 13.4794 1.5
    endloop
  endfacet
  facet normal -0.935012 0.354615 0
    outer loop
      vertex 75.1661 13.1187 1.5
      vertex 75.3029 13.4794 2
      vertex 75.3029 13.4794 1.5
    endloop
  endfacet
  facet normal -0.935012 0.354615 0
    outer loop
      vertex 75.3029 13.4794 2
      vertex 75.1661 13.1187 1.5
      vertex 75.1661 13.1187 2
    endloop
  endfacet
  facet normal 0.935012 -0.354615 0
    outer loop
      vertex 75.1661 13.1187 2
      vertex 75.3029 13.4794 1.5
      vertex 75.3029 13.4794 2
    endloop
  endfacet
  facet normal 0.935012 -0.354615 0
    outer loop
      vertex 75.3029 13.4794 1.5
      vertex 75.1661 13.1187 2
      vertex 75.1661 13.1187 1.5
    endloop
  endfacet
  facet normal -0.822966 0.56809 0
    outer loop
      vertex 74.947 12.8013 1.5
      vertex 75.1661 13.1187 2
      vertex 75.1661 13.1187 1.5
    endloop
  endfacet
  facet normal -0.822966 0.56809 0
    outer loop
      vertex 75.1661 13.1187 2
      vertex 74.947 12.8013 1.5
      vertex 74.947 12.8013 2
    endloop
  endfacet
  facet normal 0.822966 -0.56809 0
    outer loop
      vertex 74.947 12.8013 2
      vertex 75.1661 13.1187 1.5
      vertex 75.1661 13.1187 2
    endloop
  endfacet
  facet normal 0.822966 -0.56809 0
    outer loop
      vertex 75.1661 13.1187 1.5
      vertex 74.947 12.8013 2
      vertex 74.947 12.8013 1.5
    endloop
  endfacet
  facet normal -0.663172 0.748467 0
    outer loop
      vertex 74.947 12.8013 1.5
      vertex 74.6583 12.5455 2
      vertex 74.947 12.8013 2
    endloop
  endfacet
  facet normal -0.663172 0.748467 0
    outer loop
      vertex 74.6583 12.5455 2
      vertex 74.947 12.8013 1.5
      vertex 74.6583 12.5455 1.5
    endloop
  endfacet
  facet normal 0.663172 -0.748467 0
    outer loop
      vertex 74.6583 12.5455 1.5
      vertex 74.947 12.8013 2
      vertex 74.6583 12.5455 2
    endloop
  endfacet
  facet normal 0.663172 -0.748467 0
    outer loop
      vertex 74.947 12.8013 2
      vertex 74.6583 12.5455 1.5
      vertex 74.947 12.8013 1.5
    endloop
  endfacet
  facet normal -0.464656 0.885491 0
    outer loop
      vertex 74.6583 12.5455 1.5
      vertex 74.3168 12.3663 2
      vertex 74.6583 12.5455 2
    endloop
  endfacet
  facet normal -0.464656 0.885491 0
    outer loop
      vertex 74.3168 12.3663 2
      vertex 74.6583 12.5455 1.5
      vertex 74.3168 12.3663 1.5
    endloop
  endfacet
  facet normal 0.464656 -0.885491 0
    outer loop
      vertex 74.3168 12.3663 1.5
      vertex 74.6583 12.5455 2
      vertex 74.3168 12.3663 2
    endloop
  endfacet
  facet normal 0.464656 -0.885491 0
    outer loop
      vertex 74.6583 12.5455 2
      vertex 74.3168 12.3663 1.5
      vertex 74.6583 12.5455 1.5
    endloop
  endfacet
  facet normal -0.239545 0.970885 0
    outer loop
      vertex 74.3168 12.3663 1.5
      vertex 73.9423 12.2739 2
      vertex 74.3168 12.3663 2
    endloop
  endfacet
  facet normal -0.239545 0.970885 0
    outer loop
      vertex 73.9423 12.2739 2
      vertex 74.3168 12.3663 1.5
      vertex 73.9423 12.2739 1.5
    endloop
  endfacet
  facet normal 0.239545 -0.970885 0
    outer loop
      vertex 73.9423 12.2739 1.5
      vertex 74.3168 12.3663 2
      vertex 73.9423 12.2739 2
    endloop
  endfacet
  facet normal 0.239545 -0.970885 0
    outer loop
      vertex 74.3168 12.3663 2
      vertex 73.9423 12.2739 1.5
      vertex 74.3168 12.3663 1.5
    endloop
  endfacet
  facet normal 0 1 -0
    outer loop
      vertex 73.9423 12.2739 1.5
      vertex 73.5565 12.2739 2
      vertex 73.9423 12.2739 2
    endloop
  endfacet
  facet normal 0 1 0
    outer loop
      vertex 73.5565 12.2739 2
      vertex 73.9423 12.2739 1.5
      vertex 73.5565 12.2739 1.5
    endloop
  endfacet
  facet normal 0 -1 0
    outer loop
      vertex 73.5565 12.2739 1.5
      vertex 73.9423 12.2739 2
      vertex 73.5565 12.2739 2
    endloop
  endfacet
  facet normal 0 -1 -0
    outer loop
      vertex 73.9423 12.2739 2
      vertex 73.5565 12.2739 1.5
      vertex 73.9423 12.2739 1.5
    endloop
  endfacet
  facet normal 0.239545 0.970885 -0
    outer loop
      vertex 73.5565 12.2739 1.5
      vertex 73.182 12.3663 2
      vertex 73.5565 12.2739 2
    endloop
  endfacet
  facet normal 0.239545 0.970885 0
    outer loop
      vertex 73.182 12.3663 2
      vertex 73.5565 12.2739 1.5
      vertex 73.182 12.3663 1.5
    endloop
  endfacet
  facet normal -0.239545 -0.970885 0
    outer loop
      vertex 73.182 12.3663 1.5
      vertex 73.5565 12.2739 2
      vertex 73.182 12.3663 2
    endloop
  endfacet
  facet normal -0.239545 -0.970885 -0
    outer loop
      vertex 73.5565 12.2739 2
      vertex 73.182 12.3663 1.5
      vertex 73.5565 12.2739 1.5
    endloop
  endfacet
  facet normal 0.464656 0.885491 -0
    outer loop
      vertex 73.182 12.3663 1.5
      vertex 72.8405 12.5455 2
      vertex 73.182 12.3663 2
    endloop
  endfacet
  facet normal 0.464656 0.885491 0
    outer loop
      vertex 72.8405 12.5455 2
      vertex 73.182 12.3663 1.5
      vertex 72.8405 12.5455 1.5
    endloop
  endfacet
  facet normal -0.464656 -0.885491 0
    outer loop
      vertex 72.8405 12.5455 1.5
      vertex 73.182 12.3663 2
      vertex 72.8405 12.5455 2
    endloop
  endfacet
  facet normal -0.464656 -0.885491 -0
    outer loop
      vertex 73.182 12.3663 2
      vertex 72.8405 12.5455 1.5
      vertex 73.182 12.3663 1.5
    endloop
  endfacet
  facet normal 0.663172 0.748467 -0
    outer loop
      vertex 72.8405 12.5455 1.5
      vertex 72.5518 12.8013 2
      vertex 72.8405 12.5455 2
    endloop
  endfacet
  facet normal 0.663172 0.748467 0
    outer loop
      vertex 72.5518 12.8013 2
      vertex 72.8405 12.5455 1.5
      vertex 72.5518 12.8013 1.5
    endloop
  endfacet
  facet normal -0.663172 -0.748467 0
    outer loop
      vertex 72.5518 12.8013 1.5
      vertex 72.8405 12.5455 2
      vertex 72.5518 12.8013 2
    endloop
  endfacet
  facet normal -0.663172 -0.748467 -0
    outer loop
      vertex 72.8405 12.5455 2
      vertex 72.5518 12.8013 1.5
      vertex 72.8405 12.5455 1.5
    endloop
  endfacet
  facet normal 0.822966 0.56809 0
    outer loop
      vertex 72.5518 12.8013 2
      vertex 72.3327 13.1187 1.5
      vertex 72.3327 13.1187 2
    endloop
  endfacet
  facet normal 0.822966 0.56809 0
    outer loop
      vertex 72.3327 13.1187 1.5
      vertex 72.5518 12.8013 2
      vertex 72.5518 12.8013 1.5
    endloop
  endfacet
  facet normal -0.822966 -0.56809 0
    outer loop
      vertex 72.5518 12.8013 1.5
      vertex 72.3327 13.1187 2
      vertex 72.3327 13.1187 1.5
    endloop
  endfacet
  facet normal -0.822966 -0.56809 0
    outer loop
      vertex 72.3327 13.1187 2
      vertex 72.5518 12.8013 1.5
      vertex 72.5518 12.8013 2
    endloop
  endfacet
  facet normal 0.935012 0.354615 0
    outer loop
      vertex 72.3327 13.1187 2
      vertex 72.1959 13.4794 1.5
      vertex 72.1959 13.4794 2
    endloop
  endfacet
  facet normal 0.935012 0.354615 0
    outer loop
      vertex 72.1959 13.4794 1.5
      vertex 72.3327 13.1187 2
      vertex 72.3327 13.1187 1.5
    endloop
  endfacet
  facet normal -0.935012 -0.354615 0
    outer loop
      vertex 72.3327 13.1187 1.5
      vertex 72.1959 13.4794 2
      vertex 72.1959 13.4794 1.5
    endloop
  endfacet
  facet normal -0.935012 -0.354615 0
    outer loop
      vertex 72.1959 13.4794 2
      vertex 72.3327 13.1187 1.5
      vertex 72.3327 13.1187 2
    endloop
  endfacet
  facet normal 0.992707 0.120556 0
    outer loop
      vertex 72.1959 13.4794 2
      vertex 72.1494 13.8623 1.5
      vertex 72.1494 13.8623 2
    endloop
  endfacet
  facet normal 0.992707 0.120556 0
    outer loop
      vertex 72.1494 13.8623 1.5
      vertex 72.1959 13.4794 2
      vertex 72.1959 13.4794 1.5
    endloop
  endfacet
  facet normal -0.992707 -0.120556 0
    outer loop
      vertex 72.1959 13.4794 1.5
      vertex 72.1494 13.8623 2
      vertex 72.1494 13.8623 1.5
    endloop
  endfacet
  facet normal -0.992707 -0.120556 0
    outer loop
      vertex 72.1494 13.8623 2
      vertex 72.1959 13.4794 1.5
      vertex 72.1959 13.4794 2
    endloop
  endfacet
  facet normal -0.992707 0.120556 0
    outer loop
      vertex 75.3029 45.9794 1.5
      vertex 75.3494 46.3623 2
      vertex 75.3494 46.3623 1.5
    endloop
  endfacet
  facet normal -0.992707 0.120556 0
    outer loop
      vertex 75.3494 46.3623 2
      vertex 75.3029 45.9794 1.5
      vertex 75.3029 45.9794 2
    endloop
  endfacet
  facet normal 0.992707 -0.120556 0
    outer loop
      vertex 75.3029 45.9794 2
      vertex 75.3494 46.3623 1.5
      vertex 75.3494 46.3623 2
    endloop
  endfacet
  facet normal 0.992707 -0.120556 0
    outer loop
      vertex 75.3494 46.3623 1.5
      vertex 75.3029 45.9794 2
      vertex 75.3029 45.9794 1.5
    endloop
  endfacet
  facet normal -0.935012 0.354615 0
    outer loop
      vertex 75.1661 45.6187 1.5
      vertex 75.3029 45.9794 2
      vertex 75.3029 45.9794 1.5
    endloop
  endfacet
  facet normal -0.935012 0.354615 0
    outer loop
      vertex 75.3029 45.9794 2
      vertex 75.1661 45.6187 1.5
      vertex 75.1661 45.6187 2
    endloop
  endfacet
  facet normal 0.935012 -0.354615 0
    outer loop
      vertex 75.1661 45.6187 2
      vertex 75.3029 45.9794 1.5
      vertex 75.3029 45.9794 2
    endloop
  endfacet
  facet normal 0.935012 -0.354615 0
    outer loop
      vertex 75.3029 45.9794 1.5
      vertex 75.1661 45.6187 2
      vertex 75.1661 45.6187 1.5
    endloop
  endfacet
  facet normal -0.822966 0.56809 0
    outer loop
      vertex 74.947 45.3013 1.5
      vertex 75.1661 45.6187 2
      vertex 75.1661 45.6187 1.5
    endloop
  endfacet
  facet normal -0.822966 0.56809 0
    outer loop
      vertex 75.1661 45.6187 2
      vertex 74.947 45.3013 1.5
      vertex 74.947 45.3013 2
    endloop
  endfacet
  facet normal 0.822966 -0.56809 0
    outer loop
      vertex 74.947 45.3013 2
      vertex 75.1661 45.6187 1.5
      vertex 75.1661 45.6187 2
    endloop
  endfacet
  facet normal 0.822966 -0.56809 0
    outer loop
      vertex 75.1661 45.6187 1.5
      vertex 74.947 45.3013 2
      vertex 74.947 45.3013 1.5
    endloop
  endfacet
  facet normal -0.663172 0.748467 0
    outer loop
      vertex 74.947 45.3013 1.5
      vertex 74.6583 45.0455 2
      vertex 74.947 45.3013 2
    endloop
  endfacet
  facet normal -0.663172 0.748467 0
    outer loop
      vertex 74.6583 45.0455 2
      vertex 74.947 45.3013 1.5
      vertex 74.6583 45.0455 1.5
    endloop
  endfacet
  facet normal 0.663172 -0.748467 0
    outer loop
      vertex 74.6583 45.0455 1.5
      vertex 74.947 45.3013 2
      vertex 74.6583 45.0455 2
    endloop
  endfacet
  facet normal 0.663172 -0.748467 0
    outer loop
      vertex 74.947 45.3013 2
      vertex 74.6583 45.0455 1.5
      vertex 74.947 45.3013 1.5
    endloop
  endfacet
  facet normal -0.464656 0.885491 0
    outer loop
      vertex 74.6583 45.0455 1.5
      vertex 74.3168 44.8663 2
      vertex 74.6583 45.0455 2
    endloop
  endfacet
  facet normal -0.464656 0.885491 0
    outer loop
      vertex 74.3168 44.8663 2
      vertex 74.6583 45.0455 1.5
      vertex 74.3168 44.8663 1.5
    endloop
  endfacet
  facet normal 0.464656 -0.885491 0
    outer loop
      vertex 74.3168 44.8663 1.5
      vertex 74.6583 45.0455 2
      vertex 74.3168 44.8663 2
    endloop
  endfacet
  facet normal 0.464656 -0.885491 0
    outer loop
      vertex 74.6583 45.0455 2
      vertex 74.3168 44.8663 1.5
      vertex 74.6583 45.0455 1.5
    endloop
  endfacet
  facet normal -0.239545 0.970885 0
    outer loop
      vertex 74.3168 44.8663 1.5
      vertex 73.9423 44.7739 2
      vertex 74.3168 44.8663 2
    endloop
  endfacet
  facet normal -0.239545 0.970885 0
    outer loop
      vertex 73.9423 44.7739 2
      vertex 74.3168 44.8663 1.5
      vertex 73.9423 44.7739 1.5
    endloop
  endfacet
  facet normal 0.239545 -0.970885 0
    outer loop
      vertex 73.9423 44.7739 1.5
      vertex 74.3168 44.8663 2
      vertex 73.9423 44.7739 2
    endloop
  endfacet
  facet normal 0.239545 -0.970885 0
    outer loop
      vertex 74.3168 44.8663 2
      vertex 73.9423 44.7739 1.5
      vertex 74.3168 44.8663 1.5
